0
0.451152
0.913442
0.925368
0.925368
1.00598
0.659374
0.659374
0.927492
1.41488
1.84896
1.84896
1.84896
2.23077
2.5563
2.80889
2.62165
2.34666
2.11997
2.04798
2.18586
2.22959
1.80728
1.87169
1.52486
1.08647
1.08647
1.41885
1.59012
1.58546
1.109
1.47395
1.92562
2.03697
2.36386
2.13116
1.67914
1.43519
1.22335
1.69482
1.56709
1.59566
2.08573
1.94399
1.51913
1.17728
0.778808
0.713788
0.326836
0.105024
-0.309299
-0.404583
-0.548058
-0.78874
-0.807514
-0.807514
-1.04365
-0.763783
-0.288232
0.127053
0.618771
0.268151
-0.135327
-0.48888
-0.358196
-0.708684
-0.238559
0.111455
-0.173551
0.297791
0.137909
0.187619
0.359585
0.717513
0.685206
0.883418
0.883418
0.936074
0.868027
0.520763
0.144503
0.4235
0.779976
0.70049
0.938832
1.20652
1.15575
1.33819
1.48517
1.75388
1.56746
1.64154
1.45605
1.05945
1.38529
1.38529
1.44367
0.987114
0.704222
0.690554
1.04637
0.580276
0.6517
0.577926
0.334657
0.167722
0.329574
0.329574
-0.13655
0.0862763
-0.323635
-0.0143453
-0.394322
-0.830987
-1.0143
-1.22172
-0.91803
-0.940499
-0.940499
-0.846986
-0.846986
-0.477087
-0.143365
0.093538
0.0279412
0.255253
0.746909
0.419874
0.309206
0.258017
0.543984
0.922496
0.49038
0.955153
0.714953
0.625264
0.61013
0.22916
0.22916
-0.0846538
-0.268991
0.0705647
0.0206653
-0.060338
-0.311516
-0.266067
-0.156868
-0.032421
0.247584
0.535399
0.182905
0.0811988
0.0595363
0.510496
0.383752
0.557815
0.108459
0.604696
0.630836
0.471014
0.254054
0.254054
0.063643
0.132965
-0.343617
-0.714219
-0.658954
-0.355658
-0.810644
-0.918043
-0.526642
-0.526642
-0.446359
-0.503569
-0.48491
-0.103524
0.0650703
0.0650703
-0.309595
-0.741818
-0.621419
-0.801743
-0.576877
-0.867611
-0.490384
-0.802232
-0.633701
-0.423028
-0.52426
-0.52426
-0.0878303
0.131297
0.559056
0.642264
0.818592
0.520437
0.868598
0.840988
0.985481
0.82839
0.611913
0.40226
0.728663
0.429531
0.0840132
-0.273389
0.0193392
0.215276
-0.00993174
0.263648
0.263648
0.0114946
0.00844172
-0.14024
-0.238348
-0.0751874
-0.0751874
0.0622819
0.51681
0.29367
0.188113
-0.111964
-0.330781
0.0768768
-0.248118
-0.241022
-0.0843593
0.299068
0.274245
0.0692958
0.0692958
0.131781
0.5435
0.249448
-0.21226
0.262999
0.665263
0.785168
0.356211
0.595635
0.304434
0.155619
-0.342921
-0.823848
-0.854491
-1.00078
-1.00078
-0.948197
-0.948197
-1.3979
-1.65655
-1.56938
-1.86864
-2.04158
-1.80694
-1.78911
-1.78911
-1.48021
-1.48021
-1.18911
-1.54701
-1.0757
-1.5147
-1.41622
-1.63378
-1.8022
-1.62785
-1.46047
-1.46047
-1.46047
-1.46047
-1.15656
-1.12282
-0.934454
-0.993666
-1.28331
-1.15905
-0.661729
-0.456151
-0.0937543
-0.34916
-0.337367
-0.724638
-0.430602
-0.430602
-0.83157
-0.725938
-0.617499
-0.601744
-0.325009
-0.0487425
-0.0093138
-0.340547
-0.340547
-0.340547
0.0218136
-0.336031
-0.539941
-0.486611
-0.493165
-0.962123
-0.500651
-0.505231
-0.22919
0.137527
0.605245
0.645114
0.188625
-0.267481
-0.1845
-0.607027
-0.553433
-0.233939
-0.259425
0.180385
-0.219847
-0.15941
-0.0518842
0.0792664
-0.3537
0.082642
-0.276507
-0.234608
-0.549762
-0.736106
-0.473865
-0.760697
-0.64994
-0.984421
-1.07893
-1.52571
-1.52571
-1.45921
-1.28969
-1.28969
-1.09418
-0.822867
-0.843039
-0.843039
-0.444037
-0.511535
-0.286028
0.191051
0.369384
0.290917
0.0388456
0.127919
-0.283652
-0.775832
-0.922621
-0.928111
-1.3494
-0.964315
-0.885287
-1.16207
-1.42188
-1.42188
-1.6205
-1.6205
-1.6205
-1.6205
-1.6205
-1.28951
-0.981326
-1.43669
-1.02279
-1.02279
-0.717824
-0.666666
-0.666666
-0.304645
-0.374555
-0.667669
-1.05002
-0.838823
-0.838823
-0.455348
-0.527995
-0.310727
-0.257453
-0.360527
-0.55948
-0.599685
-0.397447
-0.407445
-0.122119
0.322318
0.175635
0.62253
0.782696
0.782696
0.715528
0.538613
0.484113
0.0798343
0.382088
0.348041
-0.0522716
-0.342961
0.0937405
0.0989103
-0.349755
0.0876893
0.188619
0.564235
0.606666
0.260261
0.214472
0.214472
0.231504
0.629988
0.553808
0.476394
0.266579
0.092012
-0.0767792
0.372135
0.152345
0.439541
0.710237
0.352472
0.23846
0.0268522
0.299362
0.53927
0.0942858
0.203114
-0.294057
-0.791715
-0.628403
-0.608503
-0.950125
-1.07306
-1.21789
-1.39816
-1.07109
-1.13209
-0.874299
-1.32104
-0.969807
-0.649963
-0.718406
-0.833321
-0.873234
-0.645835
-0.430632
-0.430632
-0.214518
-0.402349
-0.243105
-0.545948
-0.95209
-0.752716
-0.88917
-1.00722
-0.961422
-0.961422
-0.830953
-0.919215
-0.525672
-0.811718
-0.925281
-0.942954
-0.616096
-0.942259
-1.01587
-0.543449
-1.0363
-1.1644
-1.23998
-1.1545
-0.698854
-0.251281
-0.538663
-0.361991
-0.363541
-0.148636
-0.426134
0.0613028
0.553032
0.588492
0.620761
1.05913
0.738802
1.14891
0.713039
0.78735
0.489439
0.595331
0.976526
0.997393
0.670584
0.435116
0.36812
0.313172
0.226416
0.226416
0.214805
0.199735
-0.208764
