0
0.31072
0.31072
0.760818
0.892939
1.2869
1.45471
1.79321
1.79321
1.96809
2.10217
2.10217
1.68982
1.31296
1.36994
1.36994
1.36994
1.36994
1.36994
0.968703
0.60008
0.376967
0.610121
0.239616
0.495744
0.993499
0.968447
1.417
1.0024
0.61559
0.61559
0.46504
0.596725
0.355273
0.116371
-0.00811305
-0.158086
-0.466418
-0.198631
-0.111238
-0.485699
-0.0715806
-0.00504763
-0.34196
0.0924104
-0.113273
-0.369921
-0.369921
0.10407
-0.333353
-0.151333
-0.0237677
-0.433273
-0.433273
-0.792876
-0.91068
-1.12291
-0.756487
-1.0975
-1.09126
-1.09126
-0.971782
-1.02746
-1.10329
-1.59293
-1.43953
-1.01468
-0.79026
-0.79026
-0.416642
-0.374367
-0.367833
-0.315703
-0.131354
-0.228888
0.0755857
0.56673
0.324119
-0.066284
0.287497
-0.0441915
0.268138
0.556293
0.164782
0.0411882
-0.329855
-0.591932
-0.343206
-0.834759
-0.83359
-0.709926
-1.09076
-0.861166
-0.861166
-0.861166
-0.40202
-0.490778
-0.671198
-0.86297
-0.86297
-0.952792
-0.849478
-0.497276
-0.559123
-0.274005
-0.502444
-0.75748
-0.75748
-0.490202
-0.17645
0.301475
-0.146705
-0.102332
-0.0137684
0.285701
0.322936
0.715966
0.715966
0.708557
0.814437
0.549659
0.73615
0.504316
0.459062
0.743012
0.743012
0.284408
-0.0645512
-0.280493
-0.342123
-0.342123
-0.54895
-0.932795
-0.932795
-0.985975
-0.599519
-0.562013
-0.562013
-0.778983
-0.437866
-0.0523967
0.276459
0.276459
0.289093
0.289093
0.77129
1.1979
1.14228
1.06857
1.06857
0.727195
0.782347
0.393261
0.395067
0.229417
0.190343
-0.264781
-0.618095
-0.848417
-0.790259
-0.679935
-1.05533
-0.739605
-0.659907
-1.09236
-1.47724
-1.20806
-0.785754
-0.898098
-1.12406
-0.857028
-0.415202
-0.890457
-0.91906
-0.671229
-0.887627
-0.817716
-0.422627
0.0545609
0.182213
0.388211
0.159115
0.0721705
-0.0725624
0.0447581
0.0674753
-0.0682569
-0.371994
-0.31894
-0.135505
0.0617105
0.220751
0.0959942
0.248757
-0.222326
-0.325163
-0.801969
-1.09188
-0.730604
-0.993643
-0.993643
-0.630693
-0.906472
-0.458531
-0.231659
-0.653498
-0.555084
-0.36387
-0.572539
-0.746451
-0.622059
-1.0669
-1.17558
-1.59174
-1.26113
-1.02995
-1.44947
-1.36527
-1.21192
-1.62995
-1.96643
-1.66212
-1.26479
-1.0292
-0.689698
-0.680786
-0.395856
-0.784379
-0.455051
-0.526212
-0.510104
-0.324893
-0.0707285
0.330549
0.330549
0.330549
-0.0260712
0.200937
-0.211495
-0.211495
-0.187217
-0.296257
-0.493895
-0.508441
-0.310691
-0.0190623
-0.444743
-0.134302
0.111949
-0.152052
0.0429144
0.0557935
0.171575
0.550633
0.753119
0.883537
1.23026
1.26623
1.29004
1.07082
1.50654
1.44196
1.4912
1.82972
2.2873
2.2873
1.88556
1.87646
1.97252
1.88991
1.86829
1.89361
1.46279
1.43698
1.0197
1.33426
1.66162
1.1901
1.18594
1.35804
1.35804
0.964014
1.3356
1.58941
2.05622
2.32242
2.04142
2.31173
2.16453
2.16453
2.16453
2.11848
2.11848
1.82193
1.67134
2.06633
1.95728
1.78799
1.88581
2.11599
1.8717
1.38154
1.38154
1.64445
1.16909
1.2453
1.08513
1.43606
1.44864
1.44864
1.44864
1.10157
1.22464
1.30805
1.37619
1.37619
1.37619
1.17478
1.25028
1.48883
1.69441
1.81866
1.66358
1.49455
1.52411
1.7436
1.7436
2.02396
1.88002
1.90417
2.08153
2.32959
1.93463
1.51981
1.12795
0.908642
0.547121
0.906254
0.786383
0.627276
0.375466
0.24464
0.677451
0.409103
0.422406
0.135472
-0.29904
-0.121061
-0.613285
-0.262204
-0.175329
0.254305
-0.208974
-0.500225
-0.0213558
-0.194817
-0.0847866
-0.42934
-0.0840926
0.247612
-0.109481
-0.0602712
-0.554372
-0.675446
-0.185103
-0.555514
-0.69373
-0.891159
-0.543168
-0.227813
-0.666851
-1.11293
-0.775326
-1.06149
-0.965027
-0.965027
-1.37472
-0.926951
-0.609149
-0.609149
-0.552448
-0.667085
-0.86839
-1.0514
-1.35215
-0.878601
-1.10436
-0.673154
-0.936323
-0.641626
-0.641626
-0.568958
-0.642243
-0.765145
-0.418018
-0.865355
-0.638903
-0.81659
-1.19063
-1.5188
-1.24715
-1.16172
-1.48888
-1.83115
-1.66947
-1.66947
-1.38094
-1.74779
-1.91171
-1.95195
-1.45472
-1.36769
-0.917245
-0.668413
-0.61977
-0.718149
-0.718149
-0.851974
-0.848285
-0.699723
-0.723393
-1.20576
-0.998588
-1.01849
-0.85745
-1.13101
-1.17872
-1.29677
-1.07396
-1.09482
-1.09482
-1.00307
-0.635264
-0.778881
-0.797055
-0.760187
-0.363711
-0.640698
-0.435407
-0.288517
-0.145547
-0.620944
-0.434138
-0.436157
-0.398812
-0.217735
0.140139
0.346431
0.0771786
-0.325644
-0.758024
-0.587295
-0.587295
-0.519552
-0.422698
-0.662529
-1.07456
-1.23949
-1.04816
-1.36376
-1.05359
-0.736117
-1.09782
-1.20409
-1.11765
-1.11765
-1.11765
-0.999499
-0.853411
-1.14607
-1.24554
-1.26278
-1.0105
-1.24722
-1.09633
-0.924042
-1.1109
-1.48179
-1.48179
-1.16131
-1.16131
-1.40729
-1.25285
-1.30065
-1.30065
-1.25718
-1.63014
-1.18303
-0.838954
-1.01603
-0.85798
-0.401936
-0.416968
-0.494346
-0.386346
-0.787895
-1.1427
-0.882257
-1.15761
-1.55744
