0
0.237282
0.237282
0.387017
-0.0619866
-0.0854843
-0.443131
-0.306565
-0.511413
-0.876742
-0.876742
-1.11103
-1.11103
-0.675881
-0.748079
-0.662194
-0.562449
-0.760139
-0.760139
-1.08193
-1.31218
-1.66837
-1.25999
-1.16918
-1.12504
-1.22179
-1.30563
-1.30563
-1.14649
-1.12356
-1.00752
-0.654011
-0.722033
-0.544964
-0.544964
-0.0501453
-0.0401666
0.249559
0.668566
0.790467
0.396476
-0.0401883
0.153925
0.0782484
0.0709769
0.0111853
-0.432753
-0.6082
-0.65866
-0.98272
-0.625825
-0.1908
-0.381411
-0.0961739
-0.490891
-0.299355
-0.367064
-0.133606
-0.568276
-0.588612
-0.588612
-0.421786
-0.421786
-0.272653
0.220348
-0.0591134
0.436717
0.153488
0.533802
0.533802
0.442949
0.139837
0.139837
0.60768
0.195807
0.299216
0.166597
0.0208485
-0.217537
-0.473431
-0.144975
-0.540462
-0.420255
-0.790749
-0.967458
-0.98134
-0.59307
-0.519194
-0.405842
0.00780279
0.49703
0.891667
1.17896
1.61654
1.36881
1.17233
1.31866
1.72368
1.95299
2.22005
2.41769
2.41769
2.41769
2.3719
2.3719
2.12291
2.50782
2.25429
2.14883
2.14883
2.01457
2.24212
2.17477
1.95338
2.12046
1.83503
1.63388
2.08451
1.94305
2.22761
2.5003
2.14935
1.83058
1.66036
1.73994
1.46252
1.03802
1.49541
1.5781
1.74821
1.52988
1.64437
1.64437
1.95992
1.95992
1.96194
2.09764
1.99787
1.54446
1.43716
1.71806
1.78954
1.85496
1.71949
1.98437
1.88224
2.30157
2.30157
2.37906
1.92553
1.46826
1.25835
0.957906
0.953268
0.873612
1.24592
1.24926
0.8069
1.27956
0.996426
0.953251
1.23734
1.36444
1.04422
1.39801
1.39801
1.67276
1.67276
1.90518
1.62563
2.08401
1.93802
1.97456
2.00505
2.00505
1.75178
1.61387
1.61387
1.55586
1.24961
0.822469
0.514769
0.514769
0.836675
1.17426
1.17426
0.809348
0.567043
0.705786
0.3866
0.422142
0.422142
0.380511
0.380511
0.157149
-0.146722
-0.620378
-0.923278
-1.26759
-1.03307
-1.03307
-0.743831
-0.409148
-0.0410836
0.294035
0.740033
0.716457
0.484752
0.124015
0.459163
0.194846
0.460243
0.379949
0.156194
0.637697
0.706364
0.824723
0.564019
0.468856
0.895324
0.551564
0.662181
0.74387
0.811328
0.34535
-0.0177958
-0.0839129
-0.0521808
0.312567
0.241552
0.241552
0.630656
0.486212
0.876355
0.612117
0.112466
0.301542
-0.173791
-0.183913
0.307804
0.802534
1.09614
0.626962
0.409164
0.0424784
0.284299
0.493138
0.382296
0.641622
0.641622
0.237534
0.124624
0.0607269
-0.383521
-0.879639
-0.879639
-1.2036
-1.27637
-1.20755
-1.20755
-1.28694
-1.13274
-1.15756
-1.46371
-1.64106
-1.91147
-1.5677
-1.86414
-2.3357
-2.62985
-2.62985
-2.62985
-2.23062
-2.04095
-2.04095
-2.04095
-1.90458
-1.68692
-1.3192
-1.47314
-1.043
-0.934057
-0.934057
-1.38027
-1.80847
-2.05537
-1.64
-1.2786
-1.03641
-1.03641
-1.19322
-1.19523
-1.41804
-1.82694
-2.19978
-2.36449
-2.36449
-2.03329
-1.77654
-1.85063
-1.85063
-2.14351
-1.68046
-1.30587
-1.18628
-1.07125
-0.961201
-0.518878
-0.690204
-1.15805
-1.18747
-1.17435
-1.36265
-1.17413
-1.44482
-1.04784
-0.754391
-0.820464
-1.14784
-1.1861
-1.22035
-0.965374
-1.27558
-0.812537
-0.581812
-0.107515
-0.244859
-0.0601704
0.271562
0.514358
0.502004
0.436968
0.680856
0.218445
-0.104146
0.104571
0.180673
0.399632
0.0606282
-0.155002
0.0221966
-0.384777
-0.138698
0.0755128
-0.273562
-0.134714
-0.537926
-0.118261
-0.118261
0.138925
0.0955072
0.358778
0.788376
1.08696
0.751189
0.751189
0.592807
0.97409
1.32715
1.49266
1.04516
1.18771
1.06588
1.55585
1.57532
1.5163
1.22935
0.738091
0.924573
0.657821
1.04809
1.24023
1.03114
0.850729
0.519646
0.16759
-0.0429531
-0.172247
-0.319531
0.168966
-0.223211
0.12503
0.258761
0.222292
0.386591
0.0575168
0.469859
0.756323
0.692812
0.54002
0.131174
0.457997
0.243647
-0.208116
-0.149914
-0.139363
-0.17315
0.313753
0.0295229
-0.0503187
-0.403105
-0.468465
-0.514315
-0.514315
-0.687157
-0.691112
-1.08595
-0.787026
-0.766628
-1.23745
-0.853557
-0.608931
-0.210411
-0.26036
-0.578396
-0.0840381
-0.122745
-0.234011
-0.0839094
0.222174
-0.0162789
-0.120708
0.00428854
0.261812
-0.196535
-0.196535
-0.196535
-0.420881
-0.220733
-0.381492
-0.285579
-0.574288
-0.311692
0.160958
-0.0874811
-0.197524
-0.616662
-0.236844
0.243178
0.594431
0.518474
0.518474
0.0623412
0.537765
0.986344
1.11247
1.26073
1.36243
1.29988
1.29988
1.15296
0.855073
1.35411
0.993918
0.993918
0.494653
0.0609592
0.454748
0.12558
0.479768
0.163644
0.327547
0.145284
-0.111721
0.228231
0.172416
-0.0475218
0.0794599
0.307688
0.0658512
0.323696
0.414512
0.121368
0.555692
0.409508
0.406607
0.175436
0.0452657
-0.0281305
-0.186383
-0.00700853
-0.0474175
-0.115187
-0.376648
-0.0232889
0.0846705
0.340271
0.275626
0.459006
0.299151
-0.0426592
0.0322299
0.0322299
-0.454184
-0.396641
-0.205237
-0.563971
-0.867616
-1.13005
-0.896093
