0
0.0883021
-0.254751
-0.679137
-0.277564
-0.505666
-0.865734
-0.842578
-1.06998
-0.771019
-0.54233
-0.22427
-0.0605992
-0.42455
-0.815467
-0.673456
-0.497674
-0.509271
-0.0348697
-0.272942
-0.106037
-0.320906
0.116548
0.139508
-0.346247
-0.189035
-0.0354597
0.13432
0.447043
0.447043
0.848264
1.3164
1.57578
1.48551
1.00607
1.11583
0.82131
0.815608
1.01878
0.871773
0.710954
0.671309
0.656781
0.466783
0.902746
0.622748
0.848879
0.763067
0.907741
0.627039
0.622617
0.475304
0.699252
1.04325
1.40749
1.05204
0.759229
0.455408
0.690442
0.690442
0.893685
0.901865
0.800863
1.21575
1.46204
1.67094
2.13418
2.13418
2.13418
1.7485
2.23241
2.70865
3.07241
3.07241
3.07241
2.8422
2.42768
2.42768
2.42768
2.45583
2.81612
2.81612
2.61476
2.62548
2.54383
2.54383
2.54383
2.63718
2.26586
2.11232
1.96406
1.65317
1.5474
1.96911
2.19554
2.23673
2.42364
2.33389
2.33389
2.02664
2.07265
2.25435
1.88338
1.56097
1.81314
1.37812
1.01842
1.05956
0.813985
0.813985
1.22669
1.29426
1.19423
1.27938
1.27938
1.31989
1.77057
2.1453
2.14257
1.97998
2.05634
1.9097
1.9097
1.66089
1.51824
1.90999
1.46056
1.83022
1.76737
1.97899
1.71169
1.99245
1.96679
1.72988
1.93769
1.65873
1.16163
0.662464
0.631365
0.701653
0.333961
-0.0697414
-0.0697414
0.0636834
-0.0155533
0.178902
0.276075
0.612933
0.24363
-0.213248
-0.012794
-0.390122
-0.0515538
-0.18882
-0.31329
-0.679573
-0.784509
-0.593791
-0.897821
-0.722876
-0.553691
-0.783485
-0.438875
-0.438875
-0.731863
-0.418053
-0.272889
-0.162072
-0.162072
0.129129
0.129129
0.572485
0.227417
0.345485
0.803703
0.803703
0.966116
1.35988
1.20478
1.18711
1.29975
1.25913
0.991751
1.23328
0.777034
0.777034
0.734683
0.486643
0.2922
0.755683
0.418723
0.418723
0.0876808
-0.0798428
-0.563263
-0.997486
-1.38654
-0.999526
-0.904166
-0.767991
-1.10671
-1.01728
-1.01728
-1.28577
-1.07435
-0.969232
-1.34312
-1.14321
-1.36197
-1.05304
-0.705845
-0.278814
-0.378948
-0.378948
-0.436356
-0.302018
-0.499834
-0.777036
-1.21187
-1.03256
-0.883261
-0.732212
-0.451493
-0.881016
-0.99766
-1.13789
-0.883779
-1.19508
-1.59424
-1.59424
-1.66595
-1.66595
-2.15863
-2.59019
-2.26578
-1.91671
-1.91671
-1.91671
-1.56563
-1.19078
-1.49178
-1.49178
-1.47036
-1.47036
-1.82627
-1.82627
-2.28642
-2.48357
-2.30046
-2.30046
-2.30046
-1.81923
-1.8504
-1.38629
-1.33634
-1.28198
-1.70841
-1.50634
-1.33331
-1.33331
-1.76785
-1.87833
-1.68238
-2.02992
-2.46625
-2.07967
-2.07967
-2.07967
-2.48149
-2.48149
-2.48149
-2.58442
-2.48116
-2.17561
-1.76731
-1.76731
-1.86156
-2.28249
-2.60718
-2.62641
-2.6228
-2.7011
-2.7011
-2.74704
-2.74704
-2.26557
-2.26557
-2.36437
-2.38668
-1.93962
-2.21007
-2.35031
-2.32688
-2.08988
-1.91953
-1.48181
-1.39669
-0.978295
-1.36326
-1.70963
-1.35356
-1.35356
-1.33991
-1.24555
-0.778285
-0.900942
-0.819041
-0.486925
-0.810992
-0.506922
-0.220036
-0.699787
-0.699787
-1.00749
-1.19639
-1.31147
-1.33043
-1.33043
-1.32567
-0.839635
-1.11312
-0.944268
-1.34378
-0.930035
-0.930035
-0.930035
-0.970425
-1.24145
-1.65986
-1.38281
-1.1156
-1.05574
-0.649533
-0.90659
-1.07088
-0.687884
-0.595526
-0.724883
-1.17207
-0.702807
-1.2006
-0.720735
-0.985823
-1.46319
-1.33308
-1.12388
-0.662224
-0.516654
-0.0970058
-0.318165
-0.700672
-0.383095
-0.169404
-0.26671
-0.294099
0.0953025
0.0592193
0.495858
0.0739593
-0.410707
-0.151744
-0.546213
-0.0526389
0.035854
0.175469
-0.155956
-0.155956
-0.188996
-0.514625
-0.505253
-0.763644
-0.763644
-0.995605
-1.09125
-1.57354
-1.57354
-1.92932
-1.93202
-1.52104
-1.52104
-1.06791
-1.06791
-1.06791
-0.842746
-0.698424
-0.698424
-0.565112
-0.473655
-0.473655
-0.726164
-0.810663
-1.30894
-1.34722
-1.14971
-1.0649
-0.641588
-0.17348
-0.153243
-0.647557
-0.593601
-0.613659
-0.577721
-0.34778
-0.34778
-0.724573
-1.06225
-0.998317
-1.39989
-1.23683
-1.33846
-1.29401
-1.0082
-0.955497
-0.769089
-0.717641
-1.00925
-0.687835
-1.04319
-0.671465
-0.671465
-0.750121
-0.716481
-0.401496
-0.89055
-0.962552
-0.736637
-0.505634
-0.520621
-0.202854
0.139236
0.0510216
-0.0483736
0.24644
0.530994
0.735491
0.896963
1.32109
0.932213
1.25939
0.976545
1.00794
0.735561
0.690354
0.736451
1.12051
1.26229
1.20095
1.23
1.31763
1.71765
1.80443
1.7224
1.979
1.72902
1.88018
2.21914
2.12938
2.07432
2.07432
1.71192
1.59115
1.59115
1.9129
1.46428
1.46428
1.66578
1.67867
2.07813
2.22669
2.57997
2.69662
2.67889
2.67889
2.67889
3.09715
2.79847
3.10737
2.72275
2.87136
2.41139
2.02955
2.02955
2.02955
2.02955
2.02955
2.33884
2.2849
2.31631
2.03509
2.278
2.23087
2.16539
1.77006
1.77006
1.77006
1.47372
1.6477
1.61358
1.89457
1.43912
